AAAA0022
0021000A
80210000
80210000
002200AA
002200BB
002200CC
002200DD
00220123
00220124
00220225
00220026
00220027
00220028
00220029
00220030
00220031
00220032
00220033
00220034
00220035
00220036
00220037
00220038
00220039
00220040
00220019
00220019
00220019
00220019
00220019
00220019
00220019
00220019
00220019
AAAA002E
80000000
80010000
80020000
80100000
80110000
80120000
80200000
00200000
80300000
80310000
80320000
80330000
80810000
0081EE55
80810000
80820000
00820000
80820000
80830000
00830010
80830000
80840000
80850000
00850001
80850000
08000000
08000001
08000002
0801FFAA
0801A984
08020000
88020000
08050001
88080000
080844AA
88080000
88090000
08091122
88090000
880A0000
88100000
88110000
88120000
88180000
008400FF
80840000
AAAB00FF
AAAA0003
80000000
0083FF10
80830000
AAAB0002
